cross section id,airfoil name,chord length,leading edge x,leading edge y,leading edge z,twist
0,Airfoil_21,526.734996385042,2933.513332303680,-3100.000000000000,0.000000000000,-3.068133316187
1,Airfoil_20,552.396182209376,2824.330430577760,-2945.000000000000,0.000000000000,-2.491353188620
2,Airfoil_19,578.107298578613,2715.147528851850,-2790.000000000000,0.000000000000,-1.965821252860
3,Airfoil_18,603.862041835250,2605.964627125930,-2635.000000000000,0.000000000000,-1.485040648120
4,Airfoil_17,629.655421278180,2496.781725400020,-2480.000000000000,0.000000000000,-1.043570429400
5,Airfoil_16,655.484522497589,2387.598823674100,-2325.000000000000,0.000000000000,-0.636896342763
6,Airfoil_15,681.347476233285,2278.415921948190,-2170.000000000000,0.000000000000,-0.261204422557
7,Airfoil_14,707.242321349017,2169.233020222270,-2015.000000000000,0.000000000000,0.086797304258
8,Airfoil_13,733.161314391476,2060.050118496360,-1860.000000000000,0.000000000000,0.410217242267
9,Airfoil_12,759.093609606331,1950.867216770450,-1705.000000000000,0.000000000000,0.711907400803
10,Airfoil_11,785.029638988508,1841.684315044540,-1550.000000000000,0.000000000000,0.994324577513
11,Airfoil_10,810.979808760198,1732.501413318630,-1395.000000000000,0.000000000000,1.258833710171
12,Airfoil_9,836.973616527878,1623.318511592720,-1240.000000000000,0.000000000000,1.505869124010
13,Airfoil_8,874.715531417690,1509.197997272040,-1085.000000000000,0.000000000000,1.692588903472
14,Airfoil_7,1018.823699244040,1342.141756975570,-930.000000000000,0.000000000000,1.737320169042
15,Airfoil_6,1292.168503353420,1146.145716309240,-775.000000000000,0.000000000000,1.804641397306
16,Airfoil_5,1680.172445437550,911.027580100521,-620.000000000000,0.000000000000,1.786705403052
17,Airfoil_4,2045.851105092760,655.897190123735,-465.000000000000,0.000000000000,1.676132485273
18,Airfoil_3,2404.823347964950,391.294432318333,-310.000000000000,0.000000000000,1.448178181127
19,Airfoil_2,2718.703935436620,144.972989452989,-155.000000000000,0.000000000000,1.194218385028
20,Airfoil_1,2899.856465067280,0.000000000000,0.000000000000,0.000000000000,1.038526943565
21,Airfoil_2,2718.703935436620,144.972989452989,155.000000000000,0.000000000000,1.194218385028
22,Airfoil_3,2404.823347964950,391.294432318333,310.000000000000,0.000000000000,1.448178181127
23,Airfoil_4,2045.851105092760,655.897190123735,465.000000000000,0.000000000000,1.676132485273
24,Airfoil_5,1680.172445437550,911.027580100521,620.000000000000,0.000000000000,1.786705403052
25,Airfoil_6,1292.168503353420,1146.145716309240,775.000000000000,0.000000000000,1.804641397306
26,Airfoil_7,1018.823699244040,1342.141756975570,930.000000000000,0.000000000000,1.737320169042
27,Airfoil_8,874.715531417690,1509.197997272040,1085.000000000000,0.000000000000,1.692588903472
28,Airfoil_9,836.973616527878,1623.318511592720,1240.000000000000,0.000000000000,1.505869124010
29,Airfoil_10,810.979808760198,1732.501413318630,1395.000000000000,0.000000000000,1.258833710171
30,Airfoil_11,785.029638988508,1841.684315044540,1550.000000000000,0.000000000000,0.994324577513
31,Airfoil_12,759.093609606331,1950.867216770450,1705.000000000000,0.000000000000,0.711907400803
32,Airfoil_13,733.161314391476,2060.050118496360,1860.000000000000,0.000000000000,0.410217242267
33,Airfoil_14,707.242321349017,2169.233020222270,2015.000000000000,0.000000000000,0.086797304258
34,Airfoil_15,681.347476233285,2278.415921948190,2170.000000000000,0.000000000000,-0.261204422557
35,Airfoil_16,655.484522497589,2387.598823674100,2325.000000000000,0.000000000000,-0.636896342763
36,Airfoil_17,629.655421278180,2496.781725400020,2480.000000000000,0.000000000000,-1.043570429400
37,Airfoil_18,603.862041835250,2605.964627125930,2635.000000000000,0.000000000000,-1.485040648120
38,Airfoil_19,578.107298578613,2715.147528851850,2790.000000000000,0.000000000000,-1.965821252860
39,Airfoil_20,552.396182209376,2824.330430577760,2945.000000000000,0.000000000000,-2.491353188620
40,Airfoil_21,526.734996385042,2933.513332303680,3100.000000000000,0.000000000000,-3.068133316187